7080
6392
2539
23152
212
23426
5125
1215
55752
4537
51179
112752
182
111
2512
5950
55869
3026
55651
6337
121391
80270
8092
392255
1991
2986
843
84516
7078
3611
8243
84665
8504
57010
137682
8878
2353
54806
7367
152816
2820
84539
2736
10512
7173
11236
1617
144717
3579
4684
55509
9842
3309
4709
9277
9805
2810
10052
2944
57165
51339
2064
114609
26281
5625
1789
1984
1244
2840
102
4760
7867
3699
7048
6141
57465
1908
8100
1286
8973
717
1734
80324
1401
1440
4891
4191
1629
1583
5897
5885
5925
2668
83706
8021
27042
3858
2272
7019
3779
