607
4074
6934
3552
8926
6756
5173
1297
2335
9247
1290
1103
5621
2969
60684
1543
1739
9076
1586
2719
3949
858
2161
1612
10021
4722
717
22900
1371
26528
489
3625
64321
10587
79944
102
1030
84654
81027
80324
27286
4784
8190
5395
2780
5788
51339
56521
1378
5289
4190
4602
6506
4089
43
5347
2318
3480
710
1230
8890
7051
4990
8312
3484
4014
54806
1956
5626
3727
26011
8891
23493
6813
10659
1535
1636
9612
10397
1520
78989
5319
8092
1969
3329
8314
9168
2556
1769
81704
6696
54664
6890
7471
9702
713
6611
3759
6812
151
91137
3627
7380
2328
5518
6256
10911
2121
735
2911
57084
1314
2260
114609
1410
1826
865
8825
6421
8878
2261
25923
9445
2944
3075
1289
5947
701
59
1181
54968
5465
8924
5271
64421
5142
153090
56246
1469
84790
2132
3376
5076
552
23780
4715
796
56938
114548
7941
51004
2052
832
6285
5731
6224
3117
4358
1490
80114
8089
1952
5743
4161
3026
5657
8148
3239
22871
2555
331
10280
4363
116443
1437
1269
9248
261734
6340
7177
1950
1393
10998
1129
2936
3613
7480
3035
3579
1032
9031
80169
6947
6598
23288
1847
2895
57616
22931
554
3066
5603
8438
199221
488
8530
7155
54739
83550
301
1413
1716
1200
5340
4624
23022
3973
140738
169792
54014
3972
712
7507
845
6584
65109
79823
672
4692
154664
4998
7044
23274
84168
6521
285203
116135
56623
65266
9277
2006
3269
23476
8792
51066
6928
8788
9663
919
3791
2779
367
2069
51082
847
6647
664
56952
10312
1027
51741
64241
3889
21
55851
4477
3912
8611
2334
5654
2155
8445
138474
2778
150
2859
5367
11232
9414
7376
4734
9113
2215
9963
90338
23512
4291
10928
6390
9536
23569
3486
5994
2067
145226
846
3560
282617
775
5921
7349
81
6653
3084
182
4771
8379
1657
4189
51010
1287
79719
5266
9531
51317
54714
91752
10320
1495
6658
6391
8322
132
8929
72
2627
4163
3159
201626
7124
8481
7915
9493
1440
7508
79465
84942
160418
1641
2157
3918
2572
9351
30813
5566
1419
6240
6319
6049
147183
1798
7096
4087
7274
10577
51164
5664
8462
5346
25792
341640
5371
5020
23530
27185
94
4312
10059
2277
2167
1834
9615
793
149233
283871
1627
80000
57572
9607
58524
374654
1071
9855
5562
8239
57010
3361
8639
1018
127534
23643
4316
324
2703
143187
79650
6356
5045
1718
3816
3052
116496
9757
404672
8600
3569
2953
6122
1806
2597
26160
283455
8434
104
4929
2941
7227
4792
6609
168507
259232
219
5747
30968
2642
3479
2101
2520
7737
8867
3439
1476
1029
2771
5624
1647
627
1653
3623
2273
53373
4297
64062
27131
26135
8202
114781
843
1861
1075
5630
4625
81608
8224
2774
11200
55704
3725
79187
55294
3156
3678
84925
3350
2643
4240
8425
11277
7019
51098
4790
570
111
220
2074
6794
2100
126695
55062
3119
7905
4763
3105
2212
7157
7389
8100
339855
7112
4728
22926
5728
1109
163882
210
5894
84733
1475
85480
5159
4862
30816
8454
3699
4879
2700
1235
7172
2289
1577
51035
84699
5071
80208
54345
4054
326
51119
89884
6868
2932
8673
4361
1301
6097
4603
2022
6223
57132
55500
83706
3861
79912
467
3248
4760
7450
7337
4913
57610
6092
7140
3576
6774
590
5154
1644
5901
8553
558
6567
23405
3308
9573
1909
26154
553
4864
594
7184
4097
26137
2303
4314
122961
5587
1081
9902
54809
7681
3202
1672
2735
4719
23201
3440
54820
6540
2784
207
1639
8467
9788
7022
2304
70
5818
79054
64478
8653
84992
7039
120
328
55752
4053
595
6733
8725
4919
1540
4703
7018
2767
2982
5048
6017
7173
1141
7258
3872
1201
5506
4502
57679
7263
11178
949
4915
55572
7171
2309
51131
1311
3400
4267
5152
729262
1607
1622
1026
2720
2629
25836
4638
4908
9681
9790
1399
9915
6439
6346
990
406
83987
5209
4601
51085
10763
10161
3339
942
3630
4595
8398
1135
84649
5310
7159
51702
3892
4192
4695
284098
30835
5625
359845
221833
56287
57057
112817
392255
4233
91252
5055
2138
3778
10611
81620
5079
200403
84529
1040
5193
181
3848
6927
8988
2697
9860
23600
84126
51599
4783
130540
773
5792
5087
204
6708
28998
3684
6854
84628
55509
3553
6427
6414
808
291
161742
649
79139
646960
1137
1152
340061
5997
4283
9627
815
3674
4621
56915
3399
53834
197322
4193
80144
5080
55863
7200
4893
147409
79659
215
6329
2820
886
3655
5420
551
1453
3694
4335
1029
5770
2146
5205
3605
128178
55650
648
5580
216
4900
84634
7469
7169
2253
1906
23327
3458
58513
1161
140628
3700
8848
148738
5982
23245
387
401
11280
4540
10018
2355
1174
5897
23187
640
8763
1308
5305
9896
706
7170
1385
5521
57537
10194
6399
5111
79133
11231
5913
8287
169436
3767
84920
1448
4023
27130
9211
8174
7412
57007
546
57216
152330
57505
6326
6303
79890
1213
4729
4191
4072
6209
5077
9451
5720
5584
2560
55654
283989
6227
8892
2670
950
65062
57016
9611
3688
728
10042
54474
23224
6888
7099
9382
4597
4660
1594
2563
5243
1145
255928
2923
2913
5885
1728
2810
55193
7298
2690
7329
6718
23092
857
51179
51268
55630
3133
842
4952
6307
2952
5932
5816
137682
100506658
79798
55717
5950
2122
7867
440822
2782
23774
6615
2118
11186
7425
3094
2776
7730
4803
4171
1789
6575
51626
6528
6700
10461
5176
54463
79365
4170
239
4286
1812
4928
5524
490
383
10661
8313
9842
1748
27145
6583
5745
10252
4902
9805
9638
9721
3784
10052
3077
2263
3673
356
3236
7351
344
5914
2891
9244
2160
1062
2956
4173
7443
841
4323
4537
1814
9525
9844
2534
7222
6569
63894
5925
6847
4210
6121
958
6141
1773
284119
27306
4133
2108
9026
468
1889
10564
5621
8647
3547
2051
51129
203286
23432
2915
3730
3356
1401
242
178
2705
2272
23594
9997
212
81029
3786
1576
6157
7092
6688
4137
3849
6098
10877
10193
5141
102724560
10342
2064
3693
4645
121278
3617
7367
2218
60681
214
55359
3123
58495
6351
1123
5972
5890
79797
23414
10981
5999
7101
22880
10148
6324
266727
2130
10525
23095
2628
27086
1557
5304
8622
3312
6635
6310
538
4843
7332
6662
90268
4489
8743
4091
54
5718
9227
7148
501
26040
1565
7837
30062
6608
1282
51524
2672
6891
80326
1513
1361
687
2900
10718
6495
3612
2290
5962
9002
27247
2625
8820
10000
10038
2569
8893
6869
9187
4143
29072
6297
6318
308
1808
2931
7048
64072
87
4841
4319
3337
5644
3455
2657
2065
80331
30061
8671
7306
965
7057
9968
4731
974
6295
1408
4854
25894
5443
4254
51473
2954
2876
84364
1831
1964
593
55507
6571
8942
6337
152926
57231
8318
4735
29760
1499
8676
7046
8189
26061
4487
1890
6197
5194
55364
2840
9622
4654
5481
1019
6103
3237
5879
374569
400916
1816
3762
4852
4853
3126
1392
6753
93986
10950
83932
58
113235
2811
80832
3291
5824
5327
10550
114327
1106
2
174
5581
3360
285848
4588
3191
60506
5290
84570
81605
7809
54503
6354
3295
338
1111
84133
23765
201294
64778
57514
7517
25802
7486
7136
27042
4155
4352
3195
5447
346288
3398
84466
1759
3357
2241
6496
55651
6559
183
8490
10892
152
2914
5037
1962
11216
2937
2551
7280
4916
100
2187
7226
2702
2099
5582
26047
9851
10574
4508
2893
1984
4308
7432
54539
6657
3908
6138
8864
2053
6041
51501
3638
3107
154141
54433
6760
3868
4306
3060
1740
2271
1261
8799
84662
5321
4353
2934
9540
57545
695
84516
8802
8540
10293
22930
4589
3558
3593
26249
134701
4615
6775
51218
2078
23400
6898
5315
6261
3988
5993
5195
10554
153
3069
2081
348938
5308
2203
29893
6519
221692
6997
51311
1116
6299
11235
3158
1277
6334
5864
9547
8091
2899
1848
57165
3280
1073
5329
1316
1610
50484
7353
185
5133
3574
4160
3670
1734
5147
8352
2056
4835
8036
930
2332
23413
118
79140
374291
8526
6271
1991
190
5335
3654
6925
5923
6434
6428
94160
11197
10747
1233
8195
8483
29887
9213
7290
6514
146057
4878
2195
64218
4000
3122
55835
10319
103
51752
2707
7139
7296
2632
9136
3206
26270
3621
7077
3417
1244
1591
5211
4627
5241
8837
8660
6594
2694
4880
9415
60481
152816
347
6863
1741
10019
1357
5158
3315
5961
3108
7276
8451
51062
27315
136647
4604
4069
11167
1415
26127
83998
84062
342371
2516
540
10535
6623
51134
80224
1031
54903
288
3113
1454
81494
5781
1855
5325
2492
790
135644
9518
1805
4914
2109
50507
115908
85413
6616
3589
3115
9241
1760
4598
302
3045
2066
1621
50943
4249
78987
650
10660
5293
10987
83854
6574
4049
652
4653
7490
51701
2152
3785
91147
5618
81501
4004
6581
22
4536
10528
6389
84818
585
6999
57522
4179
6892
146059
57761
57560
478
126133
1412
10733
3485
79722
56136
6776
2886
4439
10818
3827
27339
64132
6900
5336
55714
8629
91662
23630
7534
7439
5104
2904
9632
6323
10979
2259
81794
3021
5053
1646
54749
5705
9971
1588
