607
4074
6934
3552
8926
6756
5173
1297
2335
9247
1290
1103
5621
2969
60684
1543
1739
9076
1586
2719
3949
858
2161
1612
10021
4722
717
22900
1371
26528
489
3625
64321
10587
79944
102
1030
84654
81027
80324
27286
4784
8190
5395
2780
5788
51339
56521
1378
5289
4190
4602
6506
4089
43
5347
3480
710
1230
8890
7051
4990
8312
3484
4014
54806
1956
5626
3727
26011
8891
23493
7415
6813
7273
10659
1535
1636
9612
10397
1520
78989
5319
8092
1969
3329
8314
9168
2556
1769
81704
6696
54664
6890
7471
9702
713
6611
3759
6812
151
91137
3627
7380
2328
5518
6256
10911
735
2911
57084
1314
2260
114609
1410
1826
865
8825
6421
8878
2261
25923
9445
2944
3075
1847
1289
5947
701
59
1181
5465
8924
5271
64421
5142
153090
974
56246
1469
84790
2132
3376
5076
552
23780
796
56938
114548
7941
