607
4074
6934
3552
8926
6756
5173
1297
2335
9247
1290
1103
5621
2969
60684
1543
1739
9076
1586
2719
3949
858
2161
1612
10021
4722
717
22900
1371
26528
489
3625
64321
10587
79944
102
1030
84654
81027
80324
27286
4784
8190
5395
2780
5788
51339
56521
1378
5289
4190
4602
6506
4089
43
5347
3480
710
1230
8890
7051
4990
8312
3484
4014
54806
1956
5626
3727
26011
8891
23493
7415
6813
7273
10659
1535
1636
9612
10397
1520
78989
5319
8092
1969
3329
8314
9168
2556
1769
81704
6696
54664
6890
7471
9702
713
6611
3759
6812
151
91137
3627
7380
2328
5518
6256
10911
735
2911
57084
1314
2260
114609
1410
1826
865
8825
6421
8878
2261
25923
9445
2944
3075
1847
1289
5947
701
59
1181
5465
8924
5271
64421
5142
153090
974
56246
1469
84790
2132
3376
5076
552
23780
796
56938
114548
7941
51004
2052
832
5731
6224
4358
1490
80114
8089
1952
5743
4161
3026
5657
8148
3239
3458
22871
2555
1281
331
10280
4363
116443
1437
6949
1269
9248
261734
6340
7177
1950
10998
1129
2936
3613
7480
3035
9031
80169
6947
6598
23288
7069
2895
57616
22931
554
3066
8438
199221
488
3047
8530
7155
9414
54739
83550
301
1413
1716
25
1200
5340
4624
23022
140738
169792
54014
3972
712
7507
845
6584
65109
79823
672
4692
154664
4998
7044
23274
84168
6521
285203
56623
9277
2006
3269
23476
8792
51066
6928
8788
9663
919
3791
2779
367
2069
