607
4074
6934
3552
8926
6756
5173
1297
2335
9247
1290
1103
5621
2969
60684
1543
1739
9076
1586
2719
3949
858
2161
1612
10021
4722
717
22900
1371
26528
489
3625
64321
10587
79944
102
1030
84654
81027
80324
27286
4784
8190
5395
2780
5788
51339
56521
1378
5289
4190
4602
6506
4089
43
5347
2318
3480
710
1230
8890
7051
4990
8312
3484
4014
54806
1956
5626
3727
26011
8891
23493
6813
10659
1535
1636
9612
10397
1520
78989
5319
8092
1969
3329
8314
9168
2556
1769
81704
6696
54664
6890
7471
9702
713
6611
3759
6812
151
91137
3627
7380
2328
5518
6256
10911
2121
735
2911
57084
1314
2260
114609
1410
1826
865
8825
6421
8878
2261
25923
9445
2944
3075
1289
5947
701
59
1181
54968
5465
8924
5271
64421
5142
153090
56246
1469
84790
2132
3376
5076
552
23780
4715
796
56938
114548
7941
51004
2052
832
6285
5731
6224
3117
4358
1490
80114
8089
1952
5743
4161
3026
5657
8148
3239
22871
2555
331
10280
4363
116443
1437
1269
9248
261734
6340
7177
1950
1393
10998
1129
2936
3613
7480
3035
3579
1032
9031
80169
6947
6598
23288
1847
2895
57616
22931
554
3066
5603
8438
199221
488
8530
7155
54739
83550
301
1413
1716
1200
5340
4624
23022
3973
140738
169792
54014
3972
712
7507
845
6584
65109
79823
672
4692
154664
4998
7044
23274
84168
6521
285203
116135
56623
65266
9277
2006
3269
23476
8792
51066
6928
8788
9663
919
3791
2779
367
2069
51082
847
6647
664
56952
10312
1027
51741
64241
3889
21
55851
4477
3912
8611
2334
5654
2155
8445
138474
2778
150
2859
5367
11232
9414
7376
4734
9113
2215
9963
90338
23512
4291
10928
6390
9536
23569
3486
5994
2067
145226
846
3560
282617
775
5921
7349
81
6653
3084
182
4771
8379
1657
4189
51010
1287
79719
5266
9531
51317
54714
91752
10320
1495
6658
6391
8322
132
8929
72
2627
4163
3159
201626
7124
8481
7915
9493
1440
7508
79465
84942
160418
1641
2157
3918
2572
9351
30813
5566
1419
6240
6319
6049
147183
1798
7096
4087
7274
10577
51164
5664
8462
5346
25792
341640
5371
5020
23530
27185
94
4312
10059
2277
2167
1834
9615
793
149233
283871
1627
80000
57572
9607
58524
374654
1071
9855
5562
8239
57010
3361
8639
1018
127534
23643
4316
324
2703
143187
79650
6356
5045
1718
3816
3052
116496
9757
404672
8600
3569
2953
6122
1806
2597
26160
283455
8434
104
4929
2941
7227
4792
6609
168507
259232
219
5747
30968
2642
3479
2101
2520
7737
8867
3439
1476
1029
2771
5624
1647
627
1653
3623
2273
53373
4297
64062
27131
26135
8202
114781
843
1861
1075
5630
4625
81608
8224
2774
11200
55704
3725
79187
55294
3156
3678
84925
3350
2643
4240
8425
11277
7019
51098
4790
570
111
220
2074
6794
2100
126695
55062
3119
7905
4763
3105
2212
7157
7389
8100
339855
7112
4728
22926
5728
1109
163882
210
5894
84733
1475
85480
5159
